\ SCIP STATISTICS
\   Problem name     : vaccine
\   Variables        : 10 (0 binary, 0 integer, 0 implicit integer, 10 continuous)
\   Constraints      : 23
\   Obj. scale       : 1
\   Obj. offset      : 0
Minimize
 Obj: +1.76197314026085 wt2_0 +2.23802685973915 wt2_1 +1.76197314026085 wt3_0 +2.23802685973915 wt3_1
      +1.76197314026085 wt3_2 +2.23802685973915 wt3_3
Subject to
 sh2_0_0: +4 Z0 +4 wt2_0 >= +3
 sh2_0_1: +4 Z1 +4 wt2_0 >= +3
 sh2_1_0: +5 Z2 +5 wt2_1 >= +4
 sh2_1_1: +5 Z3 +5 wt2_1 >= +4
 sh3_0_0: +4 Z0 >= +3
 sh3_1_0: +5 Z1 +5 wt3_1 >= +4
 sh3_2_0: +4 Z2 +4 wt3_2 >= +3
 sh3_3_0: +5 Z3 +5 wt3_3 >= +4
 z0_2: +1 Z0 >= +0
 z0_3: +1 Z0 -1 wt3_0 >= +0
 z1_2: +1 Z1 >= +0
 z1_3: +1 Z1 >= +0
 z2_2: +1 Z2 >= +0
 z2_3: +1 Z2 >= +0
 z3_2: +1 Z3 >= +0
 z3_3: +1 Z3 >= +0
 zn: +0.194034334187542 Z0 +0.24645895087767 Z1 +0.24645895087767 Z2 +0.313047764057118 Z3 <= +0.25
 w2_0: +1 wt2_0 = +1
 w2_1: +1 wt2_1 = +1
 w3_0: +1 wt3_0 = +1
 w3_1: +1 wt3_1 = +1
 w3_2: +1 wt3_2 = +1
 w3_3: +1 wt3_3 = +1
Bounds
 0 <= Z0 <= 1
 0 <= Z1 <= 1
 0 <= Z2 <= 1
 0 <= Z3 <= 1
End
